{
 "cells": [
  {
   "cell_type": "code",
   "execution_count": 168,
   "id": "481d7d31-4383-454d-9faf-a909770975bd",
   "metadata": {},
   "outputs": [],
   "source": [
    "import numpy as np\n",
    "import pandas as pd\n",
    "import matplotlib.pyplot as plt"
   ]
  },
  {
   "cell_type": "code",
   "execution_count": 169,
   "id": "cfb01aaf-a392-4c59-aaa1-4f445a066c25",
   "metadata": {},
   "outputs": [],
   "source": [
    "data = pd.read_csv(\"kc_house_data.csv\")"
   ]
  },
  {
   "cell_type": "markdown",
   "id": "0b023469-0c3a-4767-9248-9c0373e345c3",
   "metadata": {},
   "source": [
    "# Data Preprocessing"
   ]
  },
  {
   "cell_type": "code",
   "execution_count": 171,
   "id": "4fa7b098-2de4-4837-91cb-ecf22baec1ab",
   "metadata": {},
   "outputs": [],
   "source": [
    "data=data.drop([\"id\",\"date\",\"yr_renovated\",\"zipcode\"],axis=1)\n",
    "data[\"sqft_living15\"]=data[\"sqft_living\"]-data[\"sqft_living15\"]\n",
    "data[\"sqft_lot15\"]=data[\"sqft_lot\"]-data[\"sqft_lot15\"]"
   ]
  },
  {
   "cell_type": "code",
   "execution_count": 172,
   "id": "0399f1da-d77e-46c8-af06-055107d6056a",
   "metadata": {},
   "outputs": [
    {
     "data": {
      "text/html": [
       "<div>\n",
       "<style scoped>\n",
       "    .dataframe tbody tr th:only-of-type {\n",
       "        vertical-align: middle;\n",
       "    }\n",
       "\n",
       "    .dataframe tbody tr th {\n",
       "        vertical-align: top;\n",
       "    }\n",
       "\n",
       "    .dataframe thead th {\n",
       "        text-align: right;\n",
       "    }\n",
       "</style>\n",
       "<table border=\"1\" class=\"dataframe\">\n",
       "  <thead>\n",
       "    <tr style=\"text-align: right;\">\n",
       "      <th></th>\n",
       "      <th>price</th>\n",
       "      <th>bedrooms</th>\n",
       "      <th>bathrooms</th>\n",
       "      <th>sqft_living</th>\n",
       "      <th>sqft_lot</th>\n",
       "      <th>floors</th>\n",
       "      <th>waterfront</th>\n",
       "      <th>view</th>\n",
       "      <th>condition</th>\n",
       "      <th>grade</th>\n",
       "      <th>sqft_above</th>\n",
       "      <th>sqft_basement</th>\n",
       "      <th>yr_built</th>\n",
       "      <th>lat</th>\n",
       "      <th>long</th>\n",
       "      <th>sqft_living15</th>\n",
       "      <th>sqft_lot15</th>\n",
       "    </tr>\n",
       "  </thead>\n",
       "  <tbody>\n",
       "    <tr>\n",
       "      <th>0</th>\n",
       "      <td>221900.0</td>\n",
       "      <td>3</td>\n",
       "      <td>1.00</td>\n",
       "      <td>1180</td>\n",
       "      <td>5650</td>\n",
       "      <td>1.0</td>\n",
       "      <td>0</td>\n",
       "      <td>0</td>\n",
       "      <td>3</td>\n",
       "      <td>7</td>\n",
       "      <td>1180</td>\n",
       "      <td>0</td>\n",
       "      <td>1955</td>\n",
       "      <td>47.5112</td>\n",
       "      <td>-122.257</td>\n",
       "      <td>-160</td>\n",
       "      <td>0</td>\n",
       "    </tr>\n",
       "    <tr>\n",
       "      <th>1</th>\n",
       "      <td>538000.0</td>\n",
       "      <td>3</td>\n",
       "      <td>2.25</td>\n",
       "      <td>2570</td>\n",
       "      <td>7242</td>\n",
       "      <td>2.0</td>\n",
       "      <td>0</td>\n",
       "      <td>0</td>\n",
       "      <td>3</td>\n",
       "      <td>7</td>\n",
       "      <td>2170</td>\n",
       "      <td>400</td>\n",
       "      <td>1951</td>\n",
       "      <td>47.7210</td>\n",
       "      <td>-122.319</td>\n",
       "      <td>880</td>\n",
       "      <td>-397</td>\n",
       "    </tr>\n",
       "    <tr>\n",
       "      <th>2</th>\n",
       "      <td>180000.0</td>\n",
       "      <td>2</td>\n",
       "      <td>1.00</td>\n",
       "      <td>770</td>\n",
       "      <td>10000</td>\n",
       "      <td>1.0</td>\n",
       "      <td>0</td>\n",
       "      <td>0</td>\n",
       "      <td>3</td>\n",
       "      <td>6</td>\n",
       "      <td>770</td>\n",
       "      <td>0</td>\n",
       "      <td>1933</td>\n",
       "      <td>47.7379</td>\n",
       "      <td>-122.233</td>\n",
       "      <td>-1950</td>\n",
       "      <td>1938</td>\n",
       "    </tr>\n",
       "    <tr>\n",
       "      <th>3</th>\n",
       "      <td>604000.0</td>\n",
       "      <td>4</td>\n",
       "      <td>3.00</td>\n",
       "      <td>1960</td>\n",
       "      <td>5000</td>\n",
       "      <td>1.0</td>\n",
       "      <td>0</td>\n",
       "      <td>0</td>\n",
       "      <td>5</td>\n",
       "      <td>7</td>\n",
       "      <td>1050</td>\n",
       "      <td>910</td>\n",
       "      <td>1965</td>\n",
       "      <td>47.5208</td>\n",
       "      <td>-122.393</td>\n",
       "      <td>600</td>\n",
       "      <td>0</td>\n",
       "    </tr>\n",
       "    <tr>\n",
       "      <th>4</th>\n",
       "      <td>510000.0</td>\n",
       "      <td>3</td>\n",
       "      <td>2.00</td>\n",
       "      <td>1680</td>\n",
       "      <td>8080</td>\n",
       "      <td>1.0</td>\n",
       "      <td>0</td>\n",
       "      <td>0</td>\n",
       "      <td>3</td>\n",
       "      <td>8</td>\n",
       "      <td>1680</td>\n",
       "      <td>0</td>\n",
       "      <td>1987</td>\n",
       "      <td>47.6168</td>\n",
       "      <td>-122.045</td>\n",
       "      <td>-120</td>\n",
       "      <td>577</td>\n",
       "    </tr>\n",
       "    <tr>\n",
       "      <th>...</th>\n",
       "      <td>...</td>\n",
       "      <td>...</td>\n",
       "      <td>...</td>\n",
       "      <td>...</td>\n",
       "      <td>...</td>\n",
       "      <td>...</td>\n",
       "      <td>...</td>\n",
       "      <td>...</td>\n",
       "      <td>...</td>\n",
       "      <td>...</td>\n",
       "      <td>...</td>\n",
       "      <td>...</td>\n",
       "      <td>...</td>\n",
       "      <td>...</td>\n",
       "      <td>...</td>\n",
       "      <td>...</td>\n",
       "      <td>...</td>\n",
       "    </tr>\n",
       "    <tr>\n",
       "      <th>21608</th>\n",
       "      <td>360000.0</td>\n",
       "      <td>3</td>\n",
       "      <td>2.50</td>\n",
       "      <td>1530</td>\n",
       "      <td>1131</td>\n",
       "      <td>3.0</td>\n",
       "      <td>0</td>\n",
       "      <td>0</td>\n",
       "      <td>3</td>\n",
       "      <td>8</td>\n",
       "      <td>1530</td>\n",
       "      <td>0</td>\n",
       "      <td>2009</td>\n",
       "      <td>47.6993</td>\n",
       "      <td>-122.346</td>\n",
       "      <td>0</td>\n",
       "      <td>-378</td>\n",
       "    </tr>\n",
       "    <tr>\n",
       "      <th>21609</th>\n",
       "      <td>400000.0</td>\n",
       "      <td>4</td>\n",
       "      <td>2.50</td>\n",
       "      <td>2310</td>\n",
       "      <td>5813</td>\n",
       "      <td>2.0</td>\n",
       "      <td>0</td>\n",
       "      <td>0</td>\n",
       "      <td>3</td>\n",
       "      <td>8</td>\n",
       "      <td>2310</td>\n",
       "      <td>0</td>\n",
       "      <td>2014</td>\n",
       "      <td>47.5107</td>\n",
       "      <td>-122.362</td>\n",
       "      <td>480</td>\n",
       "      <td>-1387</td>\n",
       "    </tr>\n",
       "    <tr>\n",
       "      <th>21610</th>\n",
       "      <td>402101.0</td>\n",
       "      <td>2</td>\n",
       "      <td>0.75</td>\n",
       "      <td>1020</td>\n",
       "      <td>1350</td>\n",
       "      <td>2.0</td>\n",
       "      <td>0</td>\n",
       "      <td>0</td>\n",
       "      <td>3</td>\n",
       "      <td>7</td>\n",
       "      <td>1020</td>\n",
       "      <td>0</td>\n",
       "      <td>2009</td>\n",
       "      <td>47.5944</td>\n",
       "      <td>-122.299</td>\n",
       "      <td>0</td>\n",
       "      <td>-657</td>\n",
       "    </tr>\n",
       "    <tr>\n",
       "      <th>21611</th>\n",
       "      <td>400000.0</td>\n",
       "      <td>3</td>\n",
       "      <td>2.50</td>\n",
       "      <td>1600</td>\n",
       "      <td>2388</td>\n",
       "      <td>2.0</td>\n",
       "      <td>0</td>\n",
       "      <td>0</td>\n",
       "      <td>3</td>\n",
       "      <td>8</td>\n",
       "      <td>1600</td>\n",
       "      <td>0</td>\n",
       "      <td>2004</td>\n",
       "      <td>47.5345</td>\n",
       "      <td>-122.069</td>\n",
       "      <td>190</td>\n",
       "      <td>1101</td>\n",
       "    </tr>\n",
       "    <tr>\n",
       "      <th>21612</th>\n",
       "      <td>325000.0</td>\n",
       "      <td>2</td>\n",
       "      <td>0.75</td>\n",
       "      <td>1020</td>\n",
       "      <td>1076</td>\n",
       "      <td>2.0</td>\n",
       "      <td>0</td>\n",
       "      <td>0</td>\n",
       "      <td>3</td>\n",
       "      <td>7</td>\n",
       "      <td>1020</td>\n",
       "      <td>0</td>\n",
       "      <td>2008</td>\n",
       "      <td>47.5941</td>\n",
       "      <td>-122.299</td>\n",
       "      <td>0</td>\n",
       "      <td>-281</td>\n",
       "    </tr>\n",
       "  </tbody>\n",
       "</table>\n",
       "<p>21613 rows × 17 columns</p>\n",
       "</div>"
      ],
      "text/plain": [
       "          price  bedrooms  bathrooms  sqft_living  sqft_lot  floors  \\\n",
       "0      221900.0         3       1.00         1180      5650     1.0   \n",
       "1      538000.0         3       2.25         2570      7242     2.0   \n",
       "2      180000.0         2       1.00          770     10000     1.0   \n",
       "3      604000.0         4       3.00         1960      5000     1.0   \n",
       "4      510000.0         3       2.00         1680      8080     1.0   \n",
       "...         ...       ...        ...          ...       ...     ...   \n",
       "21608  360000.0         3       2.50         1530      1131     3.0   \n",
       "21609  400000.0         4       2.50         2310      5813     2.0   \n",
       "21610  402101.0         2       0.75         1020      1350     2.0   \n",
       "21611  400000.0         3       2.50         1600      2388     2.0   \n",
       "21612  325000.0         2       0.75         1020      1076     2.0   \n",
       "\n",
       "       waterfront  view  condition  grade  sqft_above  sqft_basement  \\\n",
       "0               0     0          3      7        1180              0   \n",
       "1               0     0          3      7        2170            400   \n",
       "2               0     0          3      6         770              0   \n",
       "3               0     0          5      7        1050            910   \n",
       "4               0     0          3      8        1680              0   \n",
       "...           ...   ...        ...    ...         ...            ...   \n",
       "21608           0     0          3      8        1530              0   \n",
       "21609           0     0          3      8        2310              0   \n",
       "21610           0     0          3      7        1020              0   \n",
       "21611           0     0          3      8        1600              0   \n",
       "21612           0     0          3      7        1020              0   \n",
       "\n",
       "       yr_built      lat     long  sqft_living15  sqft_lot15  \n",
       "0          1955  47.5112 -122.257           -160           0  \n",
       "1          1951  47.7210 -122.319            880        -397  \n",
       "2          1933  47.7379 -122.233          -1950        1938  \n",
       "3          1965  47.5208 -122.393            600           0  \n",
       "4          1987  47.6168 -122.045           -120         577  \n",
       "...         ...      ...      ...            ...         ...  \n",
       "21608      2009  47.6993 -122.346              0        -378  \n",
       "21609      2014  47.5107 -122.362            480       -1387  \n",
       "21610      2009  47.5944 -122.299              0        -657  \n",
       "21611      2004  47.5345 -122.069            190        1101  \n",
       "21612      2008  47.5941 -122.299              0        -281  \n",
       "\n",
       "[21613 rows x 17 columns]"
      ]
     },
     "execution_count": 172,
     "metadata": {},
     "output_type": "execute_result"
    }
   ],
   "source": [
    "data"
   ]
  },
  {
   "cell_type": "code",
   "execution_count": 173,
   "id": "d114ceb3-4898-4faf-a103-5beaa744e9e6",
   "metadata": {},
   "outputs": [],
   "source": [
    "y=data.iloc[:,0].values\n",
    "x=data.iloc[:,1:].values"
   ]
  },
  {
   "cell_type": "code",
   "execution_count": 174,
   "id": "e265d1dd-bd44-4ad9-9096-1efd4ab8b223",
   "metadata": {},
   "outputs": [
    {
     "data": {
      "text/html": [
       "<div>\n",
       "<style scoped>\n",
       "    .dataframe tbody tr th:only-of-type {\n",
       "        vertical-align: middle;\n",
       "    }\n",
       "\n",
       "    .dataframe tbody tr th {\n",
       "        vertical-align: top;\n",
       "    }\n",
       "\n",
       "    .dataframe thead th {\n",
       "        text-align: right;\n",
       "    }\n",
       "</style>\n",
       "<table border=\"1\" class=\"dataframe\">\n",
       "  <thead>\n",
       "    <tr style=\"text-align: right;\">\n",
       "      <th></th>\n",
       "      <th>price</th>\n",
       "      <th>bedrooms</th>\n",
       "      <th>bathrooms</th>\n",
       "      <th>sqft_living</th>\n",
       "      <th>sqft_lot</th>\n",
       "      <th>floors</th>\n",
       "      <th>waterfront</th>\n",
       "      <th>view</th>\n",
       "      <th>condition</th>\n",
       "      <th>grade</th>\n",
       "      <th>sqft_above</th>\n",
       "      <th>sqft_basement</th>\n",
       "      <th>yr_built</th>\n",
       "      <th>lat</th>\n",
       "      <th>long</th>\n",
       "      <th>sqft_living15</th>\n",
       "      <th>sqft_lot15</th>\n",
       "    </tr>\n",
       "  </thead>\n",
       "  <tbody>\n",
       "    <tr>\n",
       "      <th>price</th>\n",
       "      <td>1.000000</td>\n",
       "      <td>0.308350</td>\n",
       "      <td>0.525138</td>\n",
       "      <td>0.702035</td>\n",
       "      <td>0.089661</td>\n",
       "      <td>0.256794</td>\n",
       "      <td>0.266369</td>\n",
       "      <td>0.397293</td>\n",
       "      <td>0.036362</td>\n",
       "      <td>0.667434</td>\n",
       "      <td>0.605567</td>\n",
       "      <td>0.323816</td>\n",
       "      <td>0.054012</td>\n",
       "      <td>0.307003</td>\n",
       "      <td>0.021626</td>\n",
       "      <td>0.405392</td>\n",
       "      <td>0.050591</td>\n",
       "    </tr>\n",
       "    <tr>\n",
       "      <th>bedrooms</th>\n",
       "      <td>0.308350</td>\n",
       "      <td>1.000000</td>\n",
       "      <td>0.515884</td>\n",
       "      <td>0.576671</td>\n",
       "      <td>0.031703</td>\n",
       "      <td>0.175429</td>\n",
       "      <td>-0.006582</td>\n",
       "      <td>0.079532</td>\n",
       "      <td>0.028472</td>\n",
       "      <td>0.356967</td>\n",
       "      <td>0.477600</td>\n",
       "      <td>0.303093</td>\n",
       "      <td>0.154178</td>\n",
       "      <td>-0.008931</td>\n",
       "      <td>0.129473</td>\n",
       "      <td>0.434767</td>\n",
       "      <td>0.017802</td>\n",
       "    </tr>\n",
       "    <tr>\n",
       "      <th>bathrooms</th>\n",
       "      <td>0.525138</td>\n",
       "      <td>0.515884</td>\n",
       "      <td>1.000000</td>\n",
       "      <td>0.754665</td>\n",
       "      <td>0.087740</td>\n",
       "      <td>0.500653</td>\n",
       "      <td>0.063744</td>\n",
       "      <td>0.187737</td>\n",
       "      <td>-0.124982</td>\n",
       "      <td>0.664983</td>\n",
       "      <td>0.685342</td>\n",
       "      <td>0.283770</td>\n",
       "      <td>0.506019</td>\n",
       "      <td>0.024573</td>\n",
       "      <td>0.223042</td>\n",
       "      <td>0.504948</td>\n",
       "      <td>0.043373</td>\n",
       "    </tr>\n",
       "    <tr>\n",
       "      <th>sqft_living</th>\n",
       "      <td>0.702035</td>\n",
       "      <td>0.576671</td>\n",
       "      <td>0.754665</td>\n",
       "      <td>1.000000</td>\n",
       "      <td>0.172826</td>\n",
       "      <td>0.353949</td>\n",
       "      <td>0.103818</td>\n",
       "      <td>0.284611</td>\n",
       "      <td>-0.058753</td>\n",
       "      <td>0.762704</td>\n",
       "      <td>0.876597</td>\n",
       "      <td>0.435043</td>\n",
       "      <td>0.318049</td>\n",
       "      <td>0.052529</td>\n",
       "      <td>0.240223</td>\n",
       "      <td>0.665761</td>\n",
       "      <td>0.074506</td>\n",
       "    </tr>\n",
       "    <tr>\n",
       "      <th>sqft_lot</th>\n",
       "      <td>0.089661</td>\n",
       "      <td>0.031703</td>\n",
       "      <td>0.087740</td>\n",
       "      <td>0.172826</td>\n",
       "      <td>1.000000</td>\n",
       "      <td>-0.005201</td>\n",
       "      <td>0.021604</td>\n",
       "      <td>0.074710</td>\n",
       "      <td>-0.008958</td>\n",
       "      <td>0.113621</td>\n",
       "      <td>0.183512</td>\n",
       "      <td>0.015286</td>\n",
       "      <td>0.053080</td>\n",
       "      <td>-0.085683</td>\n",
       "      <td>0.229521</td>\n",
       "      <td>0.099227</td>\n",
       "      <td>0.754059</td>\n",
       "    </tr>\n",
       "    <tr>\n",
       "      <th>floors</th>\n",
       "      <td>0.256794</td>\n",
       "      <td>0.175429</td>\n",
       "      <td>0.500653</td>\n",
       "      <td>0.353949</td>\n",
       "      <td>-0.005201</td>\n",
       "      <td>1.000000</td>\n",
       "      <td>0.023698</td>\n",
       "      <td>0.029444</td>\n",
       "      <td>-0.263768</td>\n",
       "      <td>0.458183</td>\n",
       "      <td>0.523885</td>\n",
       "      <td>-0.245705</td>\n",
       "      <td>0.489319</td>\n",
       "      <td>0.049614</td>\n",
       "      <td>0.125419</td>\n",
       "      <td>0.221784</td>\n",
       "      <td>0.003191</td>\n",
       "    </tr>\n",
       "    <tr>\n",
       "      <th>waterfront</th>\n",
       "      <td>0.266369</td>\n",
       "      <td>-0.006582</td>\n",
       "      <td>0.063744</td>\n",
       "      <td>0.103818</td>\n",
       "      <td>0.021604</td>\n",
       "      <td>0.023698</td>\n",
       "      <td>1.000000</td>\n",
       "      <td>0.401857</td>\n",
       "      <td>0.016653</td>\n",
       "      <td>0.082775</td>\n",
       "      <td>0.072075</td>\n",
       "      <td>0.080588</td>\n",
       "      <td>-0.026161</td>\n",
       "      <td>-0.014274</td>\n",
       "      <td>-0.041910</td>\n",
       "      <td>0.060068</td>\n",
       "      <td>0.001955</td>\n",
       "    </tr>\n",
       "    <tr>\n",
       "      <th>view</th>\n",
       "      <td>0.397293</td>\n",
       "      <td>0.079532</td>\n",
       "      <td>0.187737</td>\n",
       "      <td>0.284611</td>\n",
       "      <td>0.074710</td>\n",
       "      <td>0.029444</td>\n",
       "      <td>0.401857</td>\n",
       "      <td>1.000000</td>\n",
       "      <td>0.045990</td>\n",
       "      <td>0.251321</td>\n",
       "      <td>0.167649</td>\n",
       "      <td>0.276947</td>\n",
       "      <td>-0.053440</td>\n",
       "      <td>0.006157</td>\n",
       "      <td>-0.078400</td>\n",
       "      <td>0.115158</td>\n",
       "      <td>0.038495</td>\n",
       "    </tr>\n",
       "    <tr>\n",
       "      <th>condition</th>\n",
       "      <td>0.036362</td>\n",
       "      <td>0.028472</td>\n",
       "      <td>-0.124982</td>\n",
       "      <td>-0.058753</td>\n",
       "      <td>-0.008958</td>\n",
       "      <td>-0.263768</td>\n",
       "      <td>0.016653</td>\n",
       "      <td>0.045990</td>\n",
       "      <td>1.000000</td>\n",
       "      <td>-0.144674</td>\n",
       "      <td>-0.158214</td>\n",
       "      <td>0.174105</td>\n",
       "      <td>-0.361417</td>\n",
       "      <td>-0.014941</td>\n",
       "      <td>-0.106500</td>\n",
       "      <td>0.016079</td>\n",
       "      <td>-0.009618</td>\n",
       "    </tr>\n",
       "    <tr>\n",
       "      <th>grade</th>\n",
       "      <td>0.667434</td>\n",
       "      <td>0.356967</td>\n",
       "      <td>0.664983</td>\n",
       "      <td>0.762704</td>\n",
       "      <td>0.113621</td>\n",
       "      <td>0.458183</td>\n",
       "      <td>0.082775</td>\n",
       "      <td>0.251321</td>\n",
       "      <td>-0.144674</td>\n",
       "      <td>1.000000</td>\n",
       "      <td>0.755923</td>\n",
       "      <td>0.168392</td>\n",
       "      <td>0.446963</td>\n",
       "      <td>0.114084</td>\n",
       "      <td>0.198372</td>\n",
       "      <td>0.352317</td>\n",
       "      <td>0.050163</td>\n",
       "    </tr>\n",
       "    <tr>\n",
       "      <th>sqft_above</th>\n",
       "      <td>0.605567</td>\n",
       "      <td>0.477600</td>\n",
       "      <td>0.685342</td>\n",
       "      <td>0.876597</td>\n",
       "      <td>0.183512</td>\n",
       "      <td>0.523885</td>\n",
       "      <td>0.072075</td>\n",
       "      <td>0.167649</td>\n",
       "      <td>-0.158214</td>\n",
       "      <td>0.755923</td>\n",
       "      <td>1.000000</td>\n",
       "      <td>-0.051943</td>\n",
       "      <td>0.423898</td>\n",
       "      <td>-0.000816</td>\n",
       "      <td>0.343803</td>\n",
       "      <td>0.505124</td>\n",
       "      <td>0.079650</td>\n",
       "    </tr>\n",
       "    <tr>\n",
       "      <th>sqft_basement</th>\n",
       "      <td>0.323816</td>\n",
       "      <td>0.303093</td>\n",
       "      <td>0.283770</td>\n",
       "      <td>0.435043</td>\n",
       "      <td>0.015286</td>\n",
       "      <td>-0.245705</td>\n",
       "      <td>0.080588</td>\n",
       "      <td>0.276947</td>\n",
       "      <td>0.174105</td>\n",
       "      <td>0.168392</td>\n",
       "      <td>-0.051943</td>\n",
       "      <td>1.000000</td>\n",
       "      <td>-0.133124</td>\n",
       "      <td>0.110538</td>\n",
       "      <td>-0.144765</td>\n",
       "      <td>0.436476</td>\n",
       "      <td>0.005584</td>\n",
       "    </tr>\n",
       "    <tr>\n",
       "      <th>yr_built</th>\n",
       "      <td>0.054012</td>\n",
       "      <td>0.154178</td>\n",
       "      <td>0.506019</td>\n",
       "      <td>0.318049</td>\n",
       "      <td>0.053080</td>\n",
       "      <td>0.489319</td>\n",
       "      <td>-0.026161</td>\n",
       "      <td>-0.053440</td>\n",
       "      <td>-0.361417</td>\n",
       "      <td>0.446963</td>\n",
       "      <td>0.423898</td>\n",
       "      <td>-0.133124</td>\n",
       "      <td>1.000000</td>\n",
       "      <td>-0.148122</td>\n",
       "      <td>0.409356</td>\n",
       "      <td>0.114037</td>\n",
       "      <td>0.009033</td>\n",
       "    </tr>\n",
       "    <tr>\n",
       "      <th>lat</th>\n",
       "      <td>0.307003</td>\n",
       "      <td>-0.008931</td>\n",
       "      <td>0.024573</td>\n",
       "      <td>0.052529</td>\n",
       "      <td>-0.085683</td>\n",
       "      <td>0.049614</td>\n",
       "      <td>-0.014274</td>\n",
       "      <td>0.006157</td>\n",
       "      <td>-0.014941</td>\n",
       "      <td>0.114084</td>\n",
       "      <td>-0.000816</td>\n",
       "      <td>0.110538</td>\n",
       "      <td>-0.148122</td>\n",
       "      <td>1.000000</td>\n",
       "      <td>-0.135512</td>\n",
       "      <td>0.024564</td>\n",
       "      <td>-0.041141</td>\n",
       "    </tr>\n",
       "    <tr>\n",
       "      <th>long</th>\n",
       "      <td>0.021626</td>\n",
       "      <td>0.129473</td>\n",
       "      <td>0.223042</td>\n",
       "      <td>0.240223</td>\n",
       "      <td>0.229521</td>\n",
       "      <td>0.125419</td>\n",
       "      <td>-0.041910</td>\n",
       "      <td>-0.078400</td>\n",
       "      <td>-0.106500</td>\n",
       "      <td>0.198372</td>\n",
       "      <td>0.343803</td>\n",
       "      <td>-0.144765</td>\n",
       "      <td>0.409356</td>\n",
       "      <td>-0.135512</td>\n",
       "      <td>1.000000</td>\n",
       "      <td>-0.014488</td>\n",
       "      <td>0.088522</td>\n",
       "    </tr>\n",
       "    <tr>\n",
       "      <th>sqft_living15</th>\n",
       "      <td>0.405392</td>\n",
       "      <td>0.434767</td>\n",
       "      <td>0.504948</td>\n",
       "      <td>0.665761</td>\n",
       "      <td>0.099227</td>\n",
       "      <td>0.221784</td>\n",
       "      <td>0.060068</td>\n",
       "      <td>0.115158</td>\n",
       "      <td>0.016079</td>\n",
       "      <td>0.352317</td>\n",
       "      <td>0.505124</td>\n",
       "      <td>0.436476</td>\n",
       "      <td>0.114037</td>\n",
       "      <td>0.024564</td>\n",
       "      <td>-0.014488</td>\n",
       "      <td>1.000000</td>\n",
       "      <td>0.074916</td>\n",
       "    </tr>\n",
       "    <tr>\n",
       "      <th>sqft_lot15</th>\n",
       "      <td>0.050591</td>\n",
       "      <td>0.017802</td>\n",
       "      <td>0.043373</td>\n",
       "      <td>0.074506</td>\n",
       "      <td>0.754059</td>\n",
       "      <td>0.003191</td>\n",
       "      <td>0.001955</td>\n",
       "      <td>0.038495</td>\n",
       "      <td>-0.009618</td>\n",
       "      <td>0.050163</td>\n",
       "      <td>0.079650</td>\n",
       "      <td>0.005584</td>\n",
       "      <td>0.009033</td>\n",
       "      <td>-0.041141</td>\n",
       "      <td>0.088522</td>\n",
       "      <td>0.074916</td>\n",
       "      <td>1.000000</td>\n",
       "    </tr>\n",
       "  </tbody>\n",
       "</table>\n",
       "</div>"
      ],
      "text/plain": [
       "                  price  bedrooms  bathrooms  sqft_living  sqft_lot    floors  \\\n",
       "price          1.000000  0.308350   0.525138     0.702035  0.089661  0.256794   \n",
       "bedrooms       0.308350  1.000000   0.515884     0.576671  0.031703  0.175429   \n",
       "bathrooms      0.525138  0.515884   1.000000     0.754665  0.087740  0.500653   \n",
       "sqft_living    0.702035  0.576671   0.754665     1.000000  0.172826  0.353949   \n",
       "sqft_lot       0.089661  0.031703   0.087740     0.172826  1.000000 -0.005201   \n",
       "floors         0.256794  0.175429   0.500653     0.353949 -0.005201  1.000000   \n",
       "waterfront     0.266369 -0.006582   0.063744     0.103818  0.021604  0.023698   \n",
       "view           0.397293  0.079532   0.187737     0.284611  0.074710  0.029444   \n",
       "condition      0.036362  0.028472  -0.124982    -0.058753 -0.008958 -0.263768   \n",
       "grade          0.667434  0.356967   0.664983     0.762704  0.113621  0.458183   \n",
       "sqft_above     0.605567  0.477600   0.685342     0.876597  0.183512  0.523885   \n",
       "sqft_basement  0.323816  0.303093   0.283770     0.435043  0.015286 -0.245705   \n",
       "yr_built       0.054012  0.154178   0.506019     0.318049  0.053080  0.489319   \n",
       "lat            0.307003 -0.008931   0.024573     0.052529 -0.085683  0.049614   \n",
       "long           0.021626  0.129473   0.223042     0.240223  0.229521  0.125419   \n",
       "sqft_living15  0.405392  0.434767   0.504948     0.665761  0.099227  0.221784   \n",
       "sqft_lot15     0.050591  0.017802   0.043373     0.074506  0.754059  0.003191   \n",
       "\n",
       "               waterfront      view  condition     grade  sqft_above  \\\n",
       "price            0.266369  0.397293   0.036362  0.667434    0.605567   \n",
       "bedrooms        -0.006582  0.079532   0.028472  0.356967    0.477600   \n",
       "bathrooms        0.063744  0.187737  -0.124982  0.664983    0.685342   \n",
       "sqft_living      0.103818  0.284611  -0.058753  0.762704    0.876597   \n",
       "sqft_lot         0.021604  0.074710  -0.008958  0.113621    0.183512   \n",
       "floors           0.023698  0.029444  -0.263768  0.458183    0.523885   \n",
       "waterfront       1.000000  0.401857   0.016653  0.082775    0.072075   \n",
       "view             0.401857  1.000000   0.045990  0.251321    0.167649   \n",
       "condition        0.016653  0.045990   1.000000 -0.144674   -0.158214   \n",
       "grade            0.082775  0.251321  -0.144674  1.000000    0.755923   \n",
       "sqft_above       0.072075  0.167649  -0.158214  0.755923    1.000000   \n",
       "sqft_basement    0.080588  0.276947   0.174105  0.168392   -0.051943   \n",
       "yr_built        -0.026161 -0.053440  -0.361417  0.446963    0.423898   \n",
       "lat             -0.014274  0.006157  -0.014941  0.114084   -0.000816   \n",
       "long            -0.041910 -0.078400  -0.106500  0.198372    0.343803   \n",
       "sqft_living15    0.060068  0.115158   0.016079  0.352317    0.505124   \n",
       "sqft_lot15       0.001955  0.038495  -0.009618  0.050163    0.079650   \n",
       "\n",
       "               sqft_basement  yr_built       lat      long  sqft_living15  \\\n",
       "price               0.323816  0.054012  0.307003  0.021626       0.405392   \n",
       "bedrooms            0.303093  0.154178 -0.008931  0.129473       0.434767   \n",
       "bathrooms           0.283770  0.506019  0.024573  0.223042       0.504948   \n",
       "sqft_living         0.435043  0.318049  0.052529  0.240223       0.665761   \n",
       "sqft_lot            0.015286  0.053080 -0.085683  0.229521       0.099227   \n",
       "floors             -0.245705  0.489319  0.049614  0.125419       0.221784   \n",
       "waterfront          0.080588 -0.026161 -0.014274 -0.041910       0.060068   \n",
       "view                0.276947 -0.053440  0.006157 -0.078400       0.115158   \n",
       "condition           0.174105 -0.361417 -0.014941 -0.106500       0.016079   \n",
       "grade               0.168392  0.446963  0.114084  0.198372       0.352317   \n",
       "sqft_above         -0.051943  0.423898 -0.000816  0.343803       0.505124   \n",
       "sqft_basement       1.000000 -0.133124  0.110538 -0.144765       0.436476   \n",
       "yr_built           -0.133124  1.000000 -0.148122  0.409356       0.114037   \n",
       "lat                 0.110538 -0.148122  1.000000 -0.135512       0.024564   \n",
       "long               -0.144765  0.409356 -0.135512  1.000000      -0.014488   \n",
       "sqft_living15       0.436476  0.114037  0.024564 -0.014488       1.000000   \n",
       "sqft_lot15          0.005584  0.009033 -0.041141  0.088522       0.074916   \n",
       "\n",
       "               sqft_lot15  \n",
       "price            0.050591  \n",
       "bedrooms         0.017802  \n",
       "bathrooms        0.043373  \n",
       "sqft_living      0.074506  \n",
       "sqft_lot         0.754059  \n",
       "floors           0.003191  \n",
       "waterfront       0.001955  \n",
       "view             0.038495  \n",
       "condition       -0.009618  \n",
       "grade            0.050163  \n",
       "sqft_above       0.079650  \n",
       "sqft_basement    0.005584  \n",
       "yr_built         0.009033  \n",
       "lat             -0.041141  \n",
       "long             0.088522  \n",
       "sqft_living15    0.074916  \n",
       "sqft_lot15       1.000000  "
      ]
     },
     "execution_count": 174,
     "metadata": {},
     "output_type": "execute_result"
    }
   ],
   "source": [
    "data.corr()"
   ]
  },
  {
   "cell_type": "code",
   "execution_count": 175,
   "id": "bc1d1d88-fa54-427c-b138-48e574913480",
   "metadata": {},
   "outputs": [],
   "source": [
    "from scipy.stats import pearsonr\n",
    "correlations = []\n",
    "p_values = []\n",
    "# Calculate Pearson correlation and p-value for each feature\n",
    "for feature in x.T:\n",
    "    corr, p_value = pearsonr(feature, y)\n",
    "    correlations.append(corr)\n",
    "    p_values.append(p_value)\n"
   ]
  },
  {
   "cell_type": "code",
   "execution_count": 176,
   "id": "adc06971-f388-45b2-8fd8-2ee6da5c9d5a",
   "metadata": {},
   "outputs": [
    {
     "data": {
      "text/plain": [
       "[0.30834959814562846,\n",
       " 0.5251375054139688,\n",
       " 0.7020350546118027,\n",
       " 0.08966086058710017,\n",
       " 0.25679388755070814,\n",
       " 0.2663694340305992,\n",
       " 0.39729348829453925,\n",
       " 0.03636178912900033,\n",
       " 0.6674342560201706,\n",
       " 0.605567298356079,\n",
       " 0.32381602071198745,\n",
       " 0.054011531494792965,\n",
       " 0.3070034799952186,\n",
       " 0.021626241039306802,\n",
       " 0.4053916635356436,\n",
       " 0.050590661476336764]"
      ]
     },
     "execution_count": 176,
     "metadata": {},
     "output_type": "execute_result"
    }
   ],
   "source": [
    "correlations"
   ]
  },
  {
   "cell_type": "code",
   "execution_count": 177,
   "id": "d7e63dbd-cdfb-4585-8d5b-5697c718b031",
   "metadata": {},
   "outputs": [
    {
     "data": {
      "text/plain": [
       "[0.0,\n",
       " 0.0,\n",
       " 0.0,\n",
       " 7.972504510431418e-40,\n",
       " 1.6e-322,\n",
       " 0.0,\n",
       " 0.0,\n",
       " 8.9356540624392e-08,\n",
       " 0.0,\n",
       " 0.0,\n",
       " 0.0,\n",
       " 1.929872809402505e-15,\n",
       " 0.0,\n",
       " 0.0014750922063359916,\n",
       " 0.0,\n",
       " 9.928445587470263e-14]"
      ]
     },
     "execution_count": 177,
     "metadata": {},
     "output_type": "execute_result"
    }
   ],
   "source": [
    "p_values"
   ]
  },
  {
   "cell_type": "markdown",
   "id": "f734cc7e-04d3-4c4c-a83d-1c5a58304478",
   "metadata": {},
   "source": [
    "## Dataset Split"
   ]
  },
  {
   "cell_type": "code",
   "execution_count": 179,
   "id": "5a692808-e57f-4b33-b3c2-6e6e2cff41b9",
   "metadata": {},
   "outputs": [],
   "source": [
    "from sklearn.model_selection import train_test_split\n",
    "x_train,x_test,y_train,y_test = train_test_split(x,y,test_size=0.2,random_state=42)"
   ]
  },
  {
   "cell_type": "markdown",
   "id": "f1432594-6fda-4a01-b5ec-fe34f7215b44",
   "metadata": {},
   "source": [
    "# Training"
   ]
  },
  {
   "cell_type": "markdown",
   "id": "07e5153c-cf90-4bd4-8f94-a0861b546f36",
   "metadata": {},
   "source": [
    "## Random Forest"
   ]
  },
  {
   "cell_type": "code",
   "execution_count": null,
   "id": "3d713929-b387-4a6d-8096-fb1a915d229c",
   "metadata": {},
   "outputs": [],
   "source": [
    "from sklearn.ensemble import RandomForestRegressor\n",
    "from sklearn.metrics import r2_score,accuracy_score\n",
    "from sklearn.model_selection import cross_val_score\n",
    "model5 = RandomForestRegressor(n_estimators=100)\n",
    "model5.fit(x_train,y_train)\n",
    "accuracies = cross_val_score(estimator = model5,X = x_train, y = y_train, cv = 10)\n",
    "print(\"Accuracy: {:.2f} %\".format(accuracies.mean()*100))\n",
    "print(\"Standard Deviation: {:.2f} %\".format(accuracies.std()*100))\n",
    "print(\"Accuracy on test set: \"+str(round(model5.score(x_test,y_test)*100,3))+\"%\")"
   ]
  },
  {
   "cell_type": "code",
   "execution_count": null,
   "id": "bb2adc74-4581-4e63-9c64-3aa477d2252b",
   "metadata": {},
   "outputs": [],
   "source": []
  }
 ],
 "metadata": {
  "kernelspec": {
   "display_name": "Python 3 (ipykernel)",
   "language": "python",
   "name": "python3"
  },
  "language_info": {
   "codemirror_mode": {
    "name": "ipython",
    "version": 3
   },
   "file_extension": ".py",
   "mimetype": "text/x-python",
   "name": "python",
   "nbconvert_exporter": "python",
   "pygments_lexer": "ipython3",
   "version": "3.11.7"
  }
 },
 "nbformat": 4,
 "nbformat_minor": 5
}
